SPEED 0.01
EYE 18.8896 13.6984 17.0973
LOOKAT 10.9139 9.67381 10.3821

EYE 2.97968 5.82207 7.76806
LOOKAT 5.62413 2.90359 -0.182326

EYE -1.96802 5.2242 -8.22796
LOOKAT 2.53576 3.72067 -0.537543

EYE -11.224 3.74095 -12.6137
LOOKAT -9.18082 3.94448 -7.22617

EYE -17.4949 7.08731 -9.4025
LOOKAT -17.6473 10.2622 -4.17364

EYE -17.3177 13.1386 -2.59529
LOOKAT -11.8193 9.35063 -2.03292

EYE -15.647 11.9177 7.56383
LOOKAT -12.791 8.4683 4.95251

EYE -8.89268 13.306 13.3723
LOOKAT -8.72322 6.87238 8.52867

EYE -8.5557 13.4144 13.5289
LOOKAT -2.91333 8.84905 9.90356

EYE -8.20236 13.6629 13.7187
LOOKAT -5.42374 10.2058 8.24305

EYE -7.60604 13.7247 13.9384
LOOKAT -9.04926 8.91213 6.25341

EYE -7.11762 13.7934 14.1443
LOOKAT -7.0619 9.21104 9.16143

EYE -6.86195 11.199 14.1562
LOOKAT -6.60771 4.39009 2.67104

EYE -6.98506 4.55382 8.83974
LOOKAT -6.63238 4.84301 3.56232

EYE -15.0177 4.96355 6.52123
LOOKAT -7.39978 3.85575 0.0678055

EYE -12.8739 5.11039 -7.58076
LOOKAT -7.54798 3.85575 -1.08266

EYE 1.70366 5.01736 -8.856
LOOKAT 4.68057 2.84548 -0.743295

EYE 2.34486 10.1422 -3.27332
LOOKAT 4.21508 4.31018 -0.77342

EYE 4.60591 5.42542 6.65292
LOOKAT 4.74101 4.5324 1.73153

EYE 14.0384 4.9261 -0.931346
LOOKAT 6.624 3.62739 1.46961

EYE 9.15574 10.4309 -12.8872
LOOKAT 0.0924649 5.06663 -2.20463

EYE 18.2376 13.1544 -15.7743
LOOKAT 3.72834 6.44458 -4.30828

