SPEED 0.01
EYE -1.82974 11.2916 -22.3674
LOOKAT -1.27407 12.8272 -13.2903

EYE -3.07225 2.15199 -6.06212
LOOKAT -2.11194 5.76038 -2.52332

EYE -11.6557 4.35314 8.90302
LOOKAT -0.799694 4.96951 7.28979

EYE -0.729969 4.32412 12.6675
LOOKAT 0.473956 5.33432 7.89356

EYE 8.08446 2.8647 5.29947
LOOKAT 6.52817 4.6406 4.66042

EYE 2.35467 2.60554 -2.53356
LOOKAT -0.00900161 2.37128 1.09933

EYE -5.80123 2.91912 -1.94756
LOOKAT -1.19205 2.1316 0.568423

EYE -1.01406 2.30488 3.99518
LOOKAT 0.298114 2.87602 0.324096

EYE 14.971 7.60818 13.672
LOOKAT 9.97433 5.97073 10.9957

EYE -2.16848 3.372 19.4691
LOOKAT -1.49581 4.24336 14.5179

EYE -17.9505 7.13622 9.69964
LOOKAT -15.7866 7.28889 4.90172

EYE -0.967437 11.3414 -19.466
LOOKAT -0.950693 9.62887 -12.6366

