SPEED 0.017

EYE -16.7685 9.28037 -16.1478
LOOKAT -11.8873 7.55768 -10.2481

EYE 15.7041 3.41632 -9.26112
LOOKAT 13.0351 4.0954 -5.62165

EYE 12.3246 3.649 14.137
LOOKAT 8.78739 3.5342 8.87467

EYE -11.1985 1.81012 16.5766
LOOKAT -13.9174 3.08093 11.3964

EYE -13.3175 13.719 -0.522138
LOOKAT -7.92069 10.7437 1.04588

EYE 4.38436 10.588 -0.299148
LOOKAT 0.418593 6.32293 -0.405562

EYE 12.1431 7.35777 12.2586
LOOKAT 9.22013 8.43918 15.147

EYE -6.79485 8.01637 14.1191
LOOKAT -0.384446 8.16195 18.9263

EYE -15.9454 8.49355 7.56478
LOOKAT -3.64131 8.74692 -5.94632

EYE -17.7477 9.23406 -14.7963
LOOKAT -3.74737 4.64361 -2.8845

