SPEED 0.006
EYE 6.36729 41.4448 -131.235
LOOKAT 2.93263 41.3575 -129.664

EYE -48.7528 38.0275 -104.568
LOOKAT -50.835 37.2743 -99.4641

EYE -77.8905 35.9149 -64.249
LOOKAT -73.394 33.6617 -60.1153

EYE -85.8522 36.1462 -25.6642
LOOKAT -80.9698 34.276 -22.027

EYE -71.3415 28.6697 -6.77129
LOOKAT -64.5057 25.0756 0.228372

EYE -50.0684 19.842 -5.01539
LOOKAT -43.6215 24.9982 -3.15762

EYE -38.0683 23.0957 0.811611
LOOKAT -32.7383 28.2093 1.39882

EYE -34.489 18.6761 18.4466
LOOKAT -26.9064 22.4335 20.6381

EYE -47.783 11.3681 34.1279
LOOKAT -41.7116 15.4706 37.1493

EYE -58.966 8.63123 57.7901
LOOKAT -53.6973 8.72778 63.8285

EYE -45.2996 9.26173 70.8977
LOOKAT -40.2836 9.34428 74.3905

EYE -30.0675 5.62667 85.3609
LOOKAT -23.6488 5.90217 86.8513

EYE -13.2467 4.99209 85.3807
LOOKAT -7.45641 4.91946 85.7968

EYE 4.40628 2.70014 83.9422
LOOKAT 10.7352 2.91924 86.2064

EYE 13.908 3.19215 95.9826
LOOKAT 17.2369 5.14496 102.28

EYE 17.5424 6.51012 113.97
LOOKAT 23.1948 9.6631 116.254

EYE 17.6085 8.81441 137.004
LOOKAT 24.7882 9.20575 144.42

EYE 2.33533 9.31573 167.217
LOOKAT 13.1612 10.2417 166.666

EYE -30.2119 13.3266 168.909
LOOKAT -23.18 13.41 170.7

EYE -55.8715 19.5848 159.165
LOOKAT -49.4588 18.2136 158.425

EYE -70.0807 22.9181 179.717
LOOKAT -60.6771 22.6326 176.447

EYE -54.3767 24.3308 203.489
LOOKAT -49.0684 23.1035 195.484

EYE -31.7509 28.3423 222.714
LOOKAT -25.3954 26.9176 213.245

EYE -6.1209 23.0955 250.444
LOOKAT 14.3494 22.9796 270.536

