SPEED 0.015

EYE -304.608 5.78368 648.563
LOOKAT -304.598 0.463715 648.534

EYE -258.27 6.74502 411.803
LOOKAT -254.09 5.54305 397.405

EYE -280.433 21.4588 281.35
LOOKAT -263.14 22.1187 253.228

EYE -295.805 20.4092 160.671
LOOKAT -267.995 15.2595 157.767

EYE -275.49 8.77952 44.4851
LOOKAT -253.635 10.5254 19.4021

EYE -218.226 33.9323 -59.9747
LOOKAT -199.077 37.1154 -41.7172

EYE -165.274 43.8781 -73.9415
LOOKAT -158.008 41.5374 -53.8399

EYE -108.47 37.7291 -9.3562
LOOKAT -106.22 34.2152 6.5376

EYE -82.8707 30.3243 32.3528
LOOKAT -80.6822 19.955 42.2998

EYE -94.89 5.1 96.9
LOOKAT -63.522 14.6606 95.3243

EYE -59.5458 22.2082 166.9
LOOKAT -22.3938 23.2981 159.455

EYE 59.6388 38.8337 213.683
LOOKAT 56.3075 27.3748 186.991

EYE 177.136 30.0562 207.376
LOOKAT 172.458 14.796 184.026

EYE 180.639 15.6008 185.612
LOOKAT 176.843 14.082 181.196

