SPEED 0.01
EYE 15.5153 25.4134 257.552
LOOKAT 19.7245 25.1517 250.299

EYE 26.2687 22.7524 238.625
LOOKAT 28.7388 22.3629 227.799

EYE 33.7521 19.2491 212.034
LOOKAT 30.2354 19.307 201.963

EYE 41.0534 25.576 200.648
LOOKAT 31.3557 25.2449 189.991

EYE 49.8732 25.6457 186.902
LOOKAT 39.7493 25.0466 177.012

EYE 54.8929 24.9631 170.236
LOOKAT 49.2868 23.6296 164.742

EYE 47.6302 18.9735 152.615
LOOKAT 40.2736 14.3278 143.605

EYE 37.4125 16.2799 160.47
LOOKAT 29.0333 15.053 150.43

EYE 21.8454 11.1614 160.662
LOOKAT 14.1269 11.2141 152.394

EYE 9.81176 11.0176 159.584
LOOKAT 2.84517 8.33128 153.898

EYE -3.28759 9.26252 151.246
LOOKAT -8.19698 11.1103 145.821

EYE -6.6847 5.60212 134.079
LOOKAT -11.1292 3.14354 129.373

EYE -6.74008 5.77575 118.682
LOOKAT -14.148 5.25723 110.548

EYE 8.10206 5.41322 111.585
LOOKAT 1.86356 4.52312 104.672

EYE 23.4154 8.14473 118.221
LOOKAT 15.8991 10.4494 110.3

EYE 34.5927 12.9894 118.308
LOOKAT 29.1557 11.8588 110.242

EYE 42.8693 14.0478 115.605
LOOKAT 38.9022 11.0343 112.683

EYE 46.6347 14.541 103.598
LOOKAT 36.3628 12.8748 99.3424

EYE 46.5743 14.5172 92.0759
LOOKAT 44.2472 13.2612 85.733

EYE 30.6393 10.2803 81.2832
LOOKAT 23.4109 13.2961 73.4301

EYE 38.4933 10.2454 59.2338
LOOKAT 36.3725 12.995 47.9033

EYE 53.7616 15.7955 62.1575
LOOKAT 43.8508 14.2405 63.2966

EYE 75.3904 21.2212 66.3132
LOOKAT 69.8785 17.0494 60.041

EYE 96.8867 27.6881 68.1353
LOOKAT 95.6812 27.4287 57.4862

EYE 117.178 29.4017 61.9958
LOOKAT 123.547 30.1701 54.4338

EYE 129.648 29.9084 55.7114
LOOKAT 134.858 29.5065 51.8941

EYE 129.322 30.1159 48.1561
LOOKAT 131.429 30.6906 43.3066

EYE 131.224 30.9112 41.8486
LOOKAT 126.395 31.6763 35.7719

EYE 130.909 31.1071 34.3044
LOOKAT 128.478 31.1489 27.1286

EYE 133.992 30.3952 31.2087
LOOKAT 137.478 30.0398 22.6603

EYE 138.27 30.9358 31.5428
LOOKAT 140.947 30.3638 24.4419

EYE 143.768 31.1457 33.7289
LOOKAT 148.468 31.3876 28.0881

EYE 149.155 31.4682 30.9226
LOOKAT 149.685 31.5455 27.3503

EYE 155.285 34.1366 26.248
LOOKAT 158.373 33.7652 19.3016

EYE 164.401 37.2741 21.9
LOOKAT 170.374 36.6982 19.8729

