SPEED 0.015
EYE 163.743 10.7991 172.761
LOOKAT 158.455 13.923 168.023

EYE 129.655 27.2631 149.197
LOOKAT 120.008 28.2843 147.047

EYE 96.738 29.7234 129.119
LOOKAT 87.6662 29.4033 128.854

EYE 96.842 29.3848 102.15
LOOKAT 91.5741 28.8837 100.483

EYE 120.268 28.2922 65.2375
LOOKAT 111.759 27.8622 59.8729

EYE 125.691 30.4461 33.857
LOOKAT 123.859 30.52 29.4728

EYE 119.041 30.9423 14.0528
LOOKAT 116.733 30.2376 9.25996

EYE 112.463 28.3136 -9.5602
LOOKAT 115.673 30.1558 -9.83887

EYE 114.614 28.3891 -26.1207
LOOKAT 117.819 28.2583 -29.332

EYE 106.686 29.8187 -38.9493
LOOKAT 101.268 30.2905 -43.2538

EYE 87.6799 30.1119 -39.2202
LOOKAT 84.6238 29.4239 -42.581

EYE 71.6532 31.1319 -70.7666
LOOKAT 68.7449 32.1724 -75.3479

EYE 55.9849 39.9149 -92.2701
LOOKAT 52.7702 39.7398 -94.9975

EYE 49.5073 38.323 -113.49
LOOKAT 45.876 38.2717 -115.739

EYE 34.53 39.4 -119.5
LOOKAT 25.574 38.1513 -122.34

