SPEED 0.03
EYE 17.3549 12.3288 21.0695
LOOKAT 9.7978 9.84756 13.5358

EYE 16.6889 8.87046 -5.30936
LOOKAT 8.79172 7.47939 -2.84451

EYE 3.03709 8.44212 -16.6556
LOOKAT 0.667788 6.56401 -10.6039

EYE -8.19723 10.1013 -9.12862
LOOKAT -1.5916 6.98654 -9.91485

EYE 0.179391 4.59483 -5.64207
LOOKAT 1.0871 4.44866 3.04436

EYE -2.84333 6.00859 4.977
LOOKAT -0.400599 6.09287 8.15296

EYE -5.32263 10.0065 13.7999
LOOKAT -0.6349 6.68731 9.19423

EYE 15.0045 10.0065 6.92994
LOOKAT 5.41296 6.6016 1.18092

EYE 17.9527 13.3659 22.3944
LOOKAT 10.4831 9.69384 12.9763

